? *exits-and-entrances*
t

? (run-the-speac-weightings (firstn 53 chopin-33-3) 1 20 3)
(1.17 1.25 1.06 0.98 1.36 1.3 0.96000004 0.46)

? (run-the-speac-weightings chopin-33-3 1 300 3)
(1.17 1.25 1.06 0.98 1.36
 1.3  0.96000004 0.48000002 1.545 1.1999999
 1.77 1.3 1.31 0.99 1.8199999
 1.09 1.22 1.3 0.96000004 0.70000005
 1.96 1.1999999 1.01 0.53000003 1.8699999
 1.25 1.8199999 1.1999999 1.81 2.0
 0.53999996 1.275 0.17 1.1500001 1.4200001
 1.22 1.07 2.12 1.6000001 0.74
 2.9599998 2.02 0.91 0.70000005 2.5
 0.29 1.13 0.725 1.56 1.24
 1.76 1.5 0.65 2.74 0.41000003
 0.56 1.37 1.5 1.01 3.5700002
 2.75 1.22 1.03 2.17 1.34
 2.54 0.95000005 0.625 1.66 1.1899999
 1.13 1.27 1.1999999 1.01 1.08
 1.31 1.25 1.06 0.43 1.495
 1.3 1.72 1.25 1.41 1.4
 1.32 1.1899999 1.17 1.25
 1.06 0.98 1.36 1.3 0.96000004
 0.48000002 1.97 1.1999999 1.77 1.3
 1.76 1.95 0.64 1.225 0.67)

? (run-the-program chopin-33-3 3)
((("statement") 1.27)

 (("preparation" "extension" "extension") 1.27)

 ((("preparation" "extension") 1.27) (("statement" "extension") 1.32)
  (("preparation" "extension") 1.23))

 ((("preparation" "extension" "extension" "extension" "preparation"
    "extension"   "statement" "extension" "extension" "extension"
    "antecedent" "preparation" "extension" "statement" "antecedent" "statement")
   1.22)
  (("preparation" "extension" "extension" "statement" "extension"
    "extension" "extension" "extension" "extension" "extension"
    "extension" "extension" "preparation" "extension" "statement"
    "extension" "extension" "preparation" "extension" "extension"
    "extension" "statement" "extension" "extension" "antecedent")
   1.32)
  (("statement" "extension" "extension" "antecedent" "consequent"
    "statement" "extension")
   1.15)
  (("preparation" "extension" "preparation" "extension" "statement"
    "extension" "preparation" "extension" "statement" "extension"
    "extension" "antecedent" "statement" "extension" "extension"
    "extension" "extension" "extension" "extension" "extension"
    "extension" "preparation" "extension")
   1.49)
  (("preparation" "extension" "extension" "extension" "preparation"
    "extension" "statement" "extension" "extension" "extension"
    "antecedent" "preparation" "extension" "extension" "extension"
    "statement")
   1.22)
  (("preparation" "extension" "extension" "extension" "preparation"
    "extension" "statement" "extension" "antecedent" "statement"
    "extension" "extension" "preparation" "extension" "statement"
    "extension" "extension")
   1.24))

 ((a 0 (2 -2 -2 -1 1 1 1 1 1 -2 -2)) (a 24000 (2 -2 -2 -1 1 1 1 1 1 -2 -2)) (b 56000) (b 67000)
  (a 96000 (2 -2 -2 -1 1 1 1 1 1 -2 -2)) (a 120000 (2 -2 -2 -1 1 1 1 1 1 -2 -2))))


? (collect-beat-lists (break-at-each-entrance chopin-33-3))
((((0 74 1000 1 64) (0 55 1000 2 64) (0 65 1000 2 64) (0 71 1000 2 64)))
 (((1000 76 1000 1 64 *) (1000 65 1000 2 64) (1000 67 1000 2 64)
   (1000 71 1000 2 64))
  ((2000 76 500 1 64) (2000 55 500 2 64 *) (2000 65 500 2 64 *)
   (2000 67 500 2 64 *) (2000 71 500 2 64 *))
  ((2500 74 500 1 64) (2500 55 500 2 64) (2500 65 500 2 64) (2500 67 500 2 64)
   (2500 71 500 2 64)))
 (((3000 72 750 1 64) (3000 60 750 2 64 *) (3000 64 750 2 64 *)
   (3000 67 750 2 64 *))
  ((3750 71 250 1 64) (3750 60 250 2 64) (3750 64 250 2 64) (3750 67 250 2 64)))
 (((4000 72 1000 1 64 *) (4000 60 1000 2 64) (4000 64 1000 2 64)
   (4000 67 1000 2 64))
  ((5000 72 500 1 64) (5000 55 500 2 64 *) (5000 60 500 2 64 *)
   (5000 64 500 2 64 *) (5000 67 500 2 64 *))
  ((5500 73 500 1 64) (5500 55 500 2 64) (5500 60 500 2 64) (5500 64 500 2 64)
   (5500 67 500 2 64)))
 (((6000 74 750 1 64) (6000 59 750 2 64 *) (6000 65 750 2 64 *)
   (6000 67 750 2 64 *))
  ((6750 75 250 1 64) (6750 59 250 2 64) (6750 65 250 2 64) (6750 67 250 2 64)))
 (((7000 76 1000 1 64 *) (7000 65 1000 2 64) (7000 67 1000 2 64)
   (7000 71 1000 2 64))
  ((8000 76 500 1 64) (8000 55 500 2 64 *) (8000 65 500 2 64 *)
   (8000 67 500 2 64 *) (8000 71 500 2 64 *))
  ((8500 74 500 1 64) (8500 55 500 2 64) (8500 65 500 2 64) (8500 67 500 2 64)
   (8500 71 500 2 64)))
 (((9000 72 750 1 64) (9000 60 750 2 64 *) (9000 64 750 2 64 *)
   (9000 67 750 2 64 *))
  ((9750 71 250 1 64) (9750 60 250 2 64) (9750 64 250 2 64) (9750 67 250 2 64)))
 (((10000 72 1000 1 64 *) (10000 60 1000 2 64) (10000 64 1000 2 64)
   (10000 67 1000 2 64))
  ((11000 72 1000 1 64) (11000 60 1000 2 64) (11000 64 1000 2 64)
   (11000 67 1000 2 64)))
 (((12000 71 1000 1 64) (12000 52 1000 2 64) (12000 62 1000 2 64)
   (12000 68 1000 2 64)))
 (((13000 72 1000 1 64 *) (13000 52 1000 2 64) (13000 62 1000 2 64)
   (13000 64 1000 2 64) (13000 68 1000 2 64))
  ((14000 72 500 1 64) (14000 52 500 2 64 *) (14000 62 500 2 64 *)
   (14000 64 500 2 64 *) (14000 68 500 2 64 *))
  ((14500 71 500 1 64) (14500 52 500 2 64) (14500 62 500 2 64) (14500 64 500 2 64)
   (14500 68 500 2 64)))
 (((15000 69 750 1 64) (15000 57 750 2 64 *) (15000 61 750 2 64 *)
   (15000 64 750 2 64 *) (15000 67 750 2 64 *))
  ((15750 68 250 1 64) (15750 57 250 2 64) (15750 61 250 2 64) (15750 64 250 2 64)
   (15750 67 250 2 64)))
 (((16000 69 1000 1 64 *) (16000 57 1000 2 64) (16000 61 1000 2 64)
   (16000 64 1000 2 64) (16000 67 1000 2 64))
  ((17000 69 500 1 64) (17000 57 500 2 64 *) (17000 61 500 2 64 *)
   (17000 64 500 2 64 *) (17000 67 500 2 64 *))
  ((17500 71 500 1 64) (17500 57 500 2 64) (17500 61 500 2 64) (17500 64 500 2 64)
   (17500 67 500 2 64)))
 (((18000 72 750 1 64) (18000 50 750 2 64 *) (18000 66 750 2 64 *))
  ((18750 73 250 1 64) (18750 50 250 2 64) (18750 66 250 2 64)))
 (((19000 76 1000 1 64 *) (19000 57 1000 2 64) (19000 66 1000 2 64)
   (19000 69 1000 2 64) (19000 72 1000 2 64))
  ((20000 76 500 1 64) (20000 50 500 2 64 *) (20000 66 500 2 64 *)
   (20000 69 500 2 64 *) (20000 72 500 2 64 *))
  ((20500 74 500 1 64) (20500 50 500 2 64) (20500 66 500 2 64) (20500 69 500 2 64)
   (20500 72 500 2 64)))
 (((21000 73 750 1 64) (21000 55 750 2 64 *) (21000 65 750 2 64 *)
   (21000 71 750 2 64 *))
  ((21750 74 250 1 64) (21750 55 250 2 64) (21750 65 250 2 64)
   (21750 71 250 2 64)))
 (((22000 79 1000 1 64 *) (22000 65 1000 2 64) (22000 67 1000 2 64)
   (22000 71 1000 2 64))
  ((23000 79 1000 1 64) (23000 55 1000 2 64) (23000 65 1000 2 64)
   (23000 67 1000 2 64) (23000 71 1000 2 64)))
 (((24000 74 1000 1 64) (24000 43 1000 2 64) (24000 65 1000 2 64)
   (24000 71 1000 2 64)))
 (((25000 76 1000 1 64 *) (25000 65 1000 2 64) (25000 67 1000 2 64)
   (25000 71 1000 2 64))
  ((26000 76 500 1 64) (26000 55 500 2 64 *) (26000 65 500 2 64 *)
   (26000 67 500 2 64 *) (26000 71 500 2 64 *))
  ((26500 74 500 1 64) (26500 55 500 2 64) (26500 65 500 2 64) (26500 67 500 2 64)
   (26500 71 500 2 64)))
 (((27000 72 750 1 64) (27000 60 750 2 64 *) (27000 64 750 2 64 *)
   (27000 67 750 2 64 *))
  ((27750 71 250 1 64) (27750 60 250 2 64) (27750 64 250 2 64)
   (27750 67 250 2 64)))
 (((28000 72 1000 1 64 *) (28000 64 1000 2 64) (28000 67 1000 2 64))
  ((29000 72 500 1 64) (29000 55 500 2 64 *) (29000 64 500 2 64 *)
   (29000 67 500 2 64 *))
  ((29500 73 500 1 64) (29500 55 500 2 64) (29500 64 500 2 64)
   (29500 67 500 2 64)))
 (((30000 74 750 1 64) (30000 59 750 2 64 *) (30000 65 750 2 64 *)
   (30000 67 750 2 64 *))
  ((30750 75 250 1 64) (30750 59 250 2 64) (30750 65 250 2 64)
   (30750 67 250 2 64)))
 (((31000 76 1000 1 64 *) (31000 65 1000 2 64) (31000 67 1000 2 64)
   (31000 71 1000 2 64))
  ((32000 76 500 1 64) (32000 55 500 2 64 *) (32000 65 500 2 64 *)
   (32000 67 500 2 64 *) (32000 71 500 2 64 *))
  ((32500 74 500 1 64) (32500 55 500 2 64) (32500 65 500 2 64) (32500 67 500 2 64)
   (32500 71 500 2 64)))
 (((33000 72 750 1 64) (33000 60 750 2 64 *) (33000 64 750 2 64 *)
   (33000 67 750 2 64 *))
  ((33750 71 250 1 64) (33750 60 250 2 64) (33750 64 250 2 64)
   (33750 67 250 2 64)))
 (((34000 72 1000 1 64 *) (34000 64 1000 2 64) (34000 67 1000 2 64))
  ((35000 72 1000 1 64) (35000 60 1000 2 64) (35000 64 1000 2 64)
   (35000 67 1000 2 64)))
 (((36000 69 1000 1 64) (36000 50 1000 2 64) (36000 60 1000 2 64)
   (36000 66 1000 2 64)))
 (((37000 71 1000 1 64 *) (37000 60 1000 2 64) (37000 62 1000 2 64)
   (37000 66 1000 2 64))
  ((38000 71 500 1 64) (38000 50 500 2 64 *) (38000 60 500 2 64 *)
   (38000 62 500 2 64 *) (38000 66 500 2 64 *))
  ((38500 69 500 1 64) (38500 50 500 2 64) (38500 60 500 2 64) (38500 62 500 2 64)
   (38500 66 500 2 64)))
 (((39000 67 750 1 64) (39000 55 750 2 64 *) (39000 59 750 2 64 *)
   (39000 62 750 2 64 *) (39000 65 750 2 64 *))
  ((39750 66 250 1 64) (39750 55 250 2 64) (39750 59 250 2 64) (39750 62 250 2 64)
   (39750 65 250 2 64)))
 (((40000 67 1000 1 64 *) (40000 55 1000 2 64) (40000 59 1000 2 64)
   (40000 62 1000 2 64) (40000 65 1000 2 64))
  ((41000 67 500 1 64) (41000 55 500 2 64 *) (41000 59 500 2 64 *)
   (41000 62 500 2 64 *) (41000 65 500 2 64 *))
  ((41500 69 500 1 64) (41500 55 500 2 64) (41500 59 500 2 64) (41500 62 500 2 64)
   (41500 65 500 2 64)))
 (((42000 71 750 1 64) (42000 43 750 2 64 *) (42000 65 750 2 64 *)
   (42000 67 750 2 64 *))
  ((42750 72 250 1 64) (42750 43 250 2 64) (42750 65 250 2 64)
   (42750 67 250 2 64)))
 (((43000 76 1000 1 64 *) (43000 65 1000 2 64) (43000 67 1000 2 64)
   (43000 71 1000 2 64))
  ((44000 76 500 1 64) (44000 55 500 2 64 *) (44000 65 500 2 64 *)
   (44000 67 500 2 64 *) (44000 71 500 2 64 *))
  ((44500 74 500 1 64) (44500 55 500 2 64) (44500 65 500 2 64) (44500 67 500 2 64)
   (44500 71 500 2 64)))
 (((45000 71 750 1 64) (45000 48 750 2 64 *) (45000 64 750 2 64 *))
  ((45750 72 250 1 64) (45750 48 250 2 64) (45750 64 250 2 64)))
 (((46000 84 1000 1 64) (46000 55 1000 2 64) (46000 64 1000 2 64)))
 (((47000 72 1000 1 64)))
 (((48000 76 500 1 64) (48000 41 500 2 64 *))
  ((48500 74 500 1 64) (48500 41 500 2 64)))
 (((49000 72 1000 1 64) (49000 56 1000 2 64) (49000 60 1000 2 64)
   (49000 65 1000 2 64)))
 (((50000 68 1000 1 64) (50000 56 1000 2 64) (50000 60 1000 2 64)
   (50000 65 1000 2 64)))
 (((51000 66 500 1 64) (51000 43 500 2 64 *))
  ((51500 67 500 1 64) (51500 43 500 2 64)))
 (((52000 71 1000 1 64) (52000 55 1000 2 64) (52000 60 1000 2 64)
   (52000 64 1000 2 64)))
 (((53000 72 1000 1 64) (53000 55 1000 2 64) (53000 60 1000 2 64)
   (53000 64 1000 2 64)))
 (((54000 73 500 1 64) (54000 43 500 2 64 *))
  ((54500 74 500 1 64) (54500 43 500 2 64)))
 (((55000 76 1000 1 64) (55000 65 1000 2 64) (55000 67 1000 2 64)
   (55000 71 1000 2 64)))
 (((56000 77 1000 1 64) (56000 65 1000 2 64) (56000 67 1000 2 64)
   (56000 71 1000 2 64)))
 (((57000 78 1000 1 64 *) (57000 60 1000 2 64))
  ((58000 78 1000 1 64) (58000 60 1000 2 64) (58000 63 1000 2 64)
   (58000 69 1000 2 64) (58000 72 1000 2 64)))
 (((59000 79 1000 1 64 *) (59000 60 1000 2 64) (59000 64 1000 2 64)
   (59000 67 1000 2 64) (59000 72 1000 2 64))
  ((60000 79 500 1 64) (60000 55 500 2 64 *))
  ((60500 80 500 1 64) (60500 55 500 2 64)))
 (((61000 81 1000 1 64 *) (61000 65 1000 2 64) (61000 67 1000 2 64)
   (61000 71 1000 2 64))
  ((62000 81 500 1 64) (62000 65 500 2 64 *) (62000 67 500 2 64 *)
   (62000 71 500 2 64 *))
  ((62500 79 500 1 64) (62500 65 500 2 64) (62500 67 500 2 64)
   (62500 71 500 2 64)))
 (((63000 77 500 1 64) (63000 60 500 2 64 *))
  ((63500 76 500 1 64) (63500 60 500 2 64)))
 (((64000 77 1000 1 64 *) (64000 60 1000 2 64) (64000 64 1000 2 64)
   (64000 67 1000 2 64) (64000 72 1000 2 64))
  ((65000 77 500 1 64) (65000 55 500 2 64 *))
  ((65500 76 500 1 64) (65500 55 500 2 64)))
 (((66000 75 500 1 64) (66000 66 500 2 64) (66000 43 500 2 64 *))
  ((66500 76 500 1 64) (66500 43 500 2 64) (66500 67 500 2 64)))
 (((67000 77 1000 1 64 *) (67000 69 1000 2 64 *) (67000 55 1000 2 64)
   (67000 59 1000 2 64) (67000 65 1000 2 64))
  ((68000 77 500 1 64) (68000 69 500 2 64) (68000 55 500 2 64 *)
   (68000 59 500 2 64 *) (68000 65 500 2 64 *))
  ((68500 76 500 1 64) (68500 55 500 2 64) (68500 59 500 2 64) (68500 65 500 2 64)
   (68500 67 500 2 64)))
 (((69000 74 500 1 64) (69000 65 500 2 64) (69000 48 500 2 64 *))
  ((69500 72 500 1 64) (69500 48 500 2 64) (69500 64 500 2 64)))
 (((70000 74 1000 1 64) (70000 65 1000 2 64) (70000 55 1000 2 64)
   (70000 60 1000 2 64)))
 (((71000 72 1000 1 64) (71000 64 1000 2 64) (71000 55 1000 2 64)
   (71000 60 1000 2 64)))
 (((72000 76 500 1 64) (72000 67 500 2 64) (72000 43 500 2 64 *))
  ((72500 77 500 1 64) (72500 43 500 2 64) (72500 69 500 2 64)))
 (((73000 69 1000 1 64) (73000 65 1000 2 64) (73000 55 1000 2 64)
   (73000 62 1000 2 64)))
 (((74000 71 1000 1 64) (74000 62 1000 2 64) (74000 55 1000 2 64)))
 (((75000 66 500 1 64) (75000 63 500 2 64) (75000 48 500 2 64 *))
  ((75500 67 500 1 64) (75500 48 500 2 64) (75500 64 500 2 64)))
 (((76000 71 1000 1 64) (76000 65 1000 2 64) (76000 55 1000 2 64)
   (76000 62 1000 2 64)))
 (((77000 72 1000 1 64) (77000 64 1000 2 64) (77000 55 1000 2 64)
   (77000 60 1000 2 64)))
 (((78000 73 500 1 64) (78000 70 500 2 64) (78000 43 500 2 64 *))
  ((78500 74 500 1 64) (78500 43 500 2 64) (78500 71 500 2 64)))
 (((79000 76 1000 1 64) (79000 72 1000 2 64) (79000 65 1000 2 64)
   (79000 67 1000 2 64) (79000 71 1000 2 64)))
 (((80000 77 1000 1 64) (80000 74 1000 2 64) (80000 65 1000 2 64)
   (80000 67 1000 2 64) (80000 71 1000 2 64)))
 (((81000 78 1000 1 64 *) (81000 75 1000 2 64 *) (81000 60 1000 2 64))
  ((82000 78 1000 1 64) (82000 75 1000 2 64) (82000 60 1000 2 64)
   (82000 63 1000 2 64) (82000 69 1000 2 64) (82000 72 1000 2 64)))
 (((83000 79 1000 1 64 *) (83000 76 1000 2 64 *) (83000 60 1000 2 64)
   (83000 64 1000 2 64) (83000 67 1000 2 64) (83000 72 1000 2 64))
  ((84000 79 500 1 64) (84000 76 500 2 64 *) (84000 55 500 2 64 *))
  ((84500 80 500 1 64) (84500 76 500 2 64) (84500 55 500 2 64)))
 (((85000 81 1000 1 64 *) (85000 77 1000 2 64 *) (85000 65 1000 2 64)
   (85000 67 1000 2 64) (85000 71 1000 2 64))
  ((86000 81 500 1 64) (86000 77 500 2 64) (86000 65 500 2 64 *)
   (86000 67 500 2 64 *) (86000 71 500 2 64 *))
  ((86500 79 500 1 64) (86500 65 500 2 64) (86500 67 500 2 64) (86500 71 500 2 64)
   (86500 76 500 2 64)))
 (((87000 77 500 1 64) (87000 74 500 2 64) (87000 60 500 2 64 *))
  ((87500 76 500 1 64) (87500 60 500 2 64) (87500 72 500 2 64)))
 (((88000 77 1000 1 64) (88000 74 1000 2 64) (88000 60 1000 2 64)
   (88000 64 1000 2 64) (88000 67 1000 2 64)))
 (((89000 76 1000 1 64) (89000 72 1000 2 64) (89000 55 1000 2 64)))
 (((90000 75 500 1 64) (90000 66 500 2 64) (90000 43 500 2 64 *))
  ((90500 76 500 1 64) (90500 43 500 2 64) (90500 67 500 2 64)))
 (((91000 77 1000 1 64 *) (91000 69 1000 2 64 *) (91000 55 1000 2 64)
   (91000 59 1000 2 64) (91000 65 1000 2 64))
  ((92000 77 500 1 64) (92000 69 500 2 64) (92000 55 500 2 64 *)
   (92000 59 500 2 64 *) (92000 65 500 2 64 *))
  ((92500 76 500 1 64) (92500 55 500 2 64) (92500 59 500 2 64) (92500 65 500 2 64)
   (92500 67 500 2 64)))
 (((93000 74 500 1 64) (93000 65 500 2 64) (93000 48 500 2 64 *))
  ((93500 72 500 1 64) (93500 48 500 2 64) (93500 64 500 2 64)))
 (((94000 74 1000 1 64 *) (94000 65 1000 2 64 *) (94000 55 1000 2 64)
   (94000 60 1000 2 64))
  ((95000 74 500 1 64) (95000 65 500 2 64) (95000 55 500 2 64 *)
   (95000 60 500 2 64 *))
  ((95500 72 500 1 64) (95500 55 500 2 64) (95500 60 500 2 64)
   (95500 64 500 2 64)))
 (((96000 74 1000 1 64) (96000 43 1000 2 64) (96000 65 1000 2 64)
   (96000 71 1000 2 64)))
 (((97000 76 1000 1 64 *) (97000 65 1000 2 64) (97000 67 1000 2 64)
   (97000 71 1000 2 64))
  ((98000 76 500 1 64) (98000 55 500 2 64 *) (98000 65 500 2 64 *)
   (98000 67 500 2 64 *) (98000 71 500 2 64 *))
  ((98500 74 500 1 64) (98500 55 500 2 64) (98500 65 500 2 64) (98500 67 500 2 64)
   (98500 71 500 2 64)))
 (((99000 72 750 1 64) (99000 60 750 2 64 *) (99000 64 750 2 64 *)
   (99000 67 750 2 64 *))
  ((99750 71 250 1 64) (99750 60 250 2 64) (99750 64 250 2 64)
   (99750 67 250 2 64)))
 (((100000 72 1000 1 64 *) (100000 60 1000 2 64) (100000 64 1000 2 64)
   (100000 67 1000 2 64))
  ((101000 72 500 1 64) (101000 55 500 2 64 *) (101000 60 500 2 64 *)
   (101000 64 500 2 64 *) (101000 67 500 2 64 *))
  ((101500 73 500 1 64) (101500 55 500 2 64) (101500 60 500 2 64)
   (101500 64 500 2 64) (101500 67 500 2 64)))
 (((102000 74 750 1 64) (102000 59 750 2 64 *) (102000 65 750 2 64 *)
   (102000 67 750 2 64 *))
  ((102750 75 250 1 64) (102750 59 250 2 64) (102750 65 250 2 64)
   (102750 67 250 2 64)))
 (((103000 76 1000 1 64 *) (103000 65 1000 2 64) (103000 67 1000 2 64)
   (103000 71 1000 2 64))
  ((104000 76 500 1 64) (104000 55 500 2 64 *) (104000 65 500 2 64 *)
   (104000 67 500 2 64 *) (104000 71 500 2 64 *))
  ((104500 74 500 1 64) (104500 55 500 2 64) (104500 65 500 2 64)
   (104500 67 500 2 64) (104500 71 500 2 64)))
 (((105000 72 750 1 64) (105000 60 750 2 64 *) (105000 64 750 2 64 *)
   (105000 67 750 2 64 *))
  ((105750 71 250 1 64) (105750 60 250 2 64) (105750 64 250 2 64)
   (105750 67 250 2 64)))
 (((106000 72 1000 1 64 *) (106000 60 1000 2 64) (106000 64 1000 2 64)
   (106000 67 1000 2 64))
  ((107000 72 1000 1 64) (107000 60 1000 2 64) (107000 64 1000 2 64)
   (107000 67 1000 2 64)))
 (((108000 71 1000 1 64) (108000 52 1000 2 64) (108000 62 1000 2 64)
   (108000 68 1000 2 64)))
 (((109000 72 1000 1 64 *) (109000 62 1000 2 64) (109000 64 1000 2 64)
   (109000 68 1000 2 64))
  ((110000 72 500 1 64) (110000 52 500 2 64 *) (110000 62 500 2 64 *)
   (110000 64 500 2 64 *) (110000 68 500 2 64 *))
  ((110500 71 500 1 64) (110500 52 500 2 64) (110500 62 500 2 64)
   (110500 64 500 2 64) (110500 68 500 2 64)))
 (((111000 69 750 1 64) (111000 57 750 2 64 *) (111000 61 750 2 64 *)
   (111000 64 750 2 64 *) (111000 67 750 2 64 *))
  ((111750 68 250 1 64) (111750 57 250 2 64) (111750 61 250 2 64)
   (111750 64 250 2 64) (111750 67 250 2 64)))
 (((112000 69 1000 1 64 *) (112000 57 1000 2 64) (112000 61 1000 2 64)
   (112000 64 1000 2 64) (112000 67 1000 2 64))
  ((113000 69 500 1 64) (113000 57 500 2 64 *) (113000 61 500 2 64 *)
   (113000 64 500 2 64 *) (113000 67 500 2 64 *))
  ((113500 71 500 1 64) (113500 57 500 2 64) (113500 61 500 2 64)
   (113500 64 500 2 64) (113500 67 500 2 64)))
 (((114000 72 750 1 64) (114000 50 750 2 64 *) (114000 66 750 2 64 *))
  ((114750 73 250 1 64) (114750 50 250 2 64) (114750 66 250 2 64)))
 (((115000 76 1000 1 64 *) (115000 66 1000 2 64) (115000 69 1000 2 64)
   (115000 72 1000 2 64))
  ((116000 76 500 1 64) (116000 62 500 2 64 *) (116000 66 500 2 64 *)
   (116000 69 500 2 64 *) (116000 72 500 2 64 *))
  ((116500 74 500 1 64) (116500 62 500 2 64) (116500 66 500 2 64)
   (116500 69 500 2 64) (116500 72 500 2 64)))
 (((117000 73 750 1 64) (117000 55 750 2 64 *) (117000 65 750 2 64 *)
   (117000 71 750 2 64 *))
  ((117750 74 250 1 64) (117750 55 250 2 64) (117750 65 250 2 64)
   (117750 71 250 2 64)))
 (((118000 79 1000 1 64 *) (118000 65 1000 2 64) (118000 67 1000 2 64)
   (118000 71 1000 2 64))
  ((119000 79 1000 1 64) (119000 55 1000 2 64) (119000 65 1000 2 64)
   (119000 67 1000 2 64) (119000 71 1000 2 64)))
 (((120000 74 1000 1 64) (120000 43 1000 2 64) (120000 65 1000 2 64)
   (120000 71 1000 2 64)))
 (((121000 76 1000 1 64 *) (121000 65 1000 2 64) (121000 67 1000 2 64)
   (121000 71 1000 2 64))
  ((122000 76 500 1 64) (122000 55 500 2 64 *) (122000 65 500 2 64 *)
   (122000 67 500 2 64 *) (122000 71 500 2 64 *))
  ((122500 74 500 1 64) (122500 55 500 2 64) (122500 65 500 2 64)
   (122500 67 500 2 64) (122500 71 500 2 64)))
 (((123000 72 750 1 64) (123000 60 750 2 64 *) (123000 64 750 2 64 *)
   (123000 67 750 2 64 *))
  ((123750 71 250 1 64) (123750 60 250 2 64) (123750 64 250 2 64)
   (123750 67 250 2 64)))
 (((124000 72 1000 1 64 *) (124000 60 1000 2 64) (124000 64 1000 2 64)
   (124000 67 1000 2 64))
  ((125000 72 500 1 64) (125000 55 500 2 64 *) (125000 60 500 2 64 *)
   (125000 64 500 2 64 *) (125000 67 500 2 64 *))
  ((125500 73 500 1 64) (125500 55 500 2 64) (125500 60 500 2 64)
   (125500 64 500 2 64) (125500 67 500 2 64)))
 (((126000 74 750 1 64) (126000 59 750 2 64 *) (126000 65 750 2 64 *)
   (126000 67 750 2 64 *))
  ((126750 75 250 1 64) (126750 59 250 2 64) (126750 65 250 2 64)
   (126750 67 250 2 64)))
 (((127000 76 1000 1 64 *) (127000 65 1000 2 64) (127000 67 1000 2 64)
   (127000 71 1000 2 64))
  ((128000 76 500 1 64) (128000 55 500 2 64 *) (128000 65 500 2 64 *)
   (128000 67 500 2 64 *) (128000 71 500 2 64 *))
  ((128500 74 500 1 64) (128500 55 500 2 64) (128500 65 500 2 64)
   (128500 67 500 2 64) (128500 71 500 2 64)))
 (((129000 72 750 1 64) (129000 60 750 2 64 *) (129000 64 750 2 64 *)
   (129000 67 750 2 64 *))
  ((129750 71 250 1 64) (129750 60 250 2 64) (129750 64 250 2 64)
   (129750 67 250 2 64)))
 (((130000 72 1000 1 64 *) (130000 60 1000 2 64) (130000 64 1000 2 64)
   (130000 67 1000 2 64))
  ((131000 72 1000 1 64) (131000 60 1000 2 64) (131000 64 1000 2 64)
   (131000 67 1000 2 64)))
 (((132000 69 1000 1 64) (132000 50 1000 2 64) (132000 60 1000 2 64)
   (132000 66 1000 2 64)))
 (((133000 71 1000 1 64 *) (133000 60 1000 2 64) (133000 62 1000 2 64)
   (133000 66 1000 2 64))
  ((134000 71 500 1 64) (134000 50 500 2 64 *) (134000 60 500 2 64 *)
   (134000 62 500 2 64 *) (134000 66 500 2 64 *))
  ((134500 69 500 1 64) (134500 50 500 2 64) (134500 60 500 2 64)
   (134500 62 500 2 64) (134500 66 500 2 64)))
 (((135000 67 750 1 64) (135000 55 750 2 64 *) (135000 59 750 2 64 *)
   (135000 62 750 2 64 *) (135000 65 750 2 64 *))
  ((135750 66 250 1 64) (135750 55 250 2 64) (135750 59 250 2 64)
   (135750 62 250 2 64) (135750 65 250 2 64)))
 (((136000 67 1000 1 64 *) (136000 59 1000 2 64) (136000 62 1000 2 64)
   (136000 65 1000 2 64))
  ((137000 67 500 1 64) (137000 55 500 2 64 *) (137000 59 500 2 64 *)
   (137000 62 500 2 64 *) (137000 65 500 2 64 *))
  ((137500 69 500 1 64) (137500 55 500 2 64) (137500 59 500 2 64)
   (137500 62 500 2 64) (137500 65 500 2 64)))
 (((138000 71 750 1 64) (138000 43 750 2 64 *) (138000 65 750 2 64 *)
   (138000 67 750 2 64 *))
  ((138750 72 250 1 64) (138750 43 250 2 64) (138750 65 250 2 64)
   (138750 67 250 2 64)))
 (((139000 76 1000 1 64 *) (139000 65 1000 2 64) (139000 67 1000 2 64)
   (139000 71 1000 2 64))
  ((140000 76 500 1 64) (140000 55 500 2 64 *) (140000 65 500 2 64 *)
   (140000 67 500 2 64 *) (140000 71 500 2 64 *))
  ((140500 74 500 1 64) (140500 55 500 2 64) (140500 65 500 2 64)
   (140500 67 500 2 64) (140500 71 500 2 64)))
 (((141000 71 750 1 64) (141000 48 750 2 64 *) (141000 64 750 2 64 *))
  ((141750 72 250 1 64) (141750 48 250 2 64) (141750 64 250 2 64)))
 (((142000 84 1000 1 64) (142000 55 1000 2 64) (142000 64 1000 2 64)))
 (((143000 67 1000 1 64))))